906
979
983
2914
3214
3462
4837
6185
7473
7586
8075
8097
8796
8888
9312
9371
9848
10099
13414
14061
14618
15169
16265
16276
16509
18450
20081
20473
21859
24940
25820
31898
35916
36351
37963
39618
40065
40676
41378
45090
45102
45748
46829
46844
51089
51847
54113
54574
54600
54855
55933
58807
60781
61112
62240
63150
63949
64050
64270
132203
132205
132839
133441
134520
135377
135936
137698
137897
137990
138997
139803
140096
140224
140869
149440
150436
151964
152194
197540
199524
201106
202602
204083
205548
209554
211252
212083
216001
328663
394302
395886
396073
396982
396986
398478
399077
399158
399606
400464
400618
4134
9808
4837
7641
